2  1  3  17.53  21.45  7.90  16.00  1  Ala  GCT
2  1  1  17.12  21.45  7.90  16.00  1  Ala  GCC
2  1  0  21.45  21.45  7.90  16.00  1  Ala  GCA
2  1  2  7.90  21.45  7.90  16.00  1  Ala  GCG
1  2  3  4.76  23.47  4.63  12.07  2  Arg  CGT
1  2  1  8.15  23.47  4.63  12.07  2  Arg  CGC
1  2  0  4.63  23.47  4.63  12.07  2  Arg  CGA
1  2  2  9.36  23.47  4.63  12.07  2  Arg  CGG
0  2  0  23.47  23.47  4.63  12.07  2  Arg  AGA
0  2  2  22.06  23.47  4.63  12.07  2  Arg  AGG
0  0  3  14.31  16.69  14.31  15.50  3  Asn  AAT
0  0  1  16.69  16.69  14.31  15.50  3  Asn  AAC
2  0  3  15.04  15.04  14.18  14.61  4  Asp  GAT
2  0  1  14.18  15.04  14.18  14.61  4  Asp  GAC
3  2  3  12.06  18.82  12.06  15.44  5  Cys  TGT
3  2  1  18.82  18.82  12.06  15.44  5  Cys  TGC
1  0  0  15.67  30.90  15.67  23.28  6  Gln  CAA
1  0  2  30.90  30.90  15.67  23.28  6  Gln  CAG
2  0  0  22.50  25.42  22.50  23.96  7  Glu  GAA
2  0  2  25.42  25.42  22.50  23.96  7  Glu  GAG
2  2  0  16.87  16.87  8.87  13.75  8  Gly  GGA
2  2  1  14.63  16.87  8.87  13.75  8  Gly  GGC
2  2  2  14.63  16.87  8.87  13.75  8  Gly  GGG
2  2  3  8.87  16.87  8.87  13.75  8  Gly  GGT
1  0  3  10.66  14.08  10.66  12.37  9  His  CAT
1  0  1  14.08  14.08  10.66  12.37  9  His  CAC
0  3  3  13.74  15.52  11.36  13.54  10  Ile  ATT
0  3  1  15.52  15.52  11.36  13.54  10  Ile  ATC
0  3  0  11.36  15.52  11.36  13.54  10  Ile  ATA
3  3  0  10.21  32.90  8.79  16.87  11  Leu  TTA
3  3  2  19.96  32.90  8.79  16.87  11  Leu  TTG
1  3  3  13.17  32.90  8.79  16.87  11  Leu  CTT
1  3  1  16.22  32.90  8.79  16.87  11  Leu  CTC
1  3  0  8.79  32.90  8.79  16.87  11  Leu  CTA
1  3  2  32.90  32.90  8.79  16.87  11  Leu  CTG
0  0  0  26.09  30.74  26.09  28.41  12  Lys  AAA
0  0  2  30.74  30.74  26.09  28.41  12  Lys  AAG
0  3  2  27.02  27.02  27.02  27.02  13  Met  ATG
3  3  3  14.16  16.13  14.16  15.15  14  Phe  TTT
3  3  1  16.13  16.13  14.16  15.15  14  Phe  TTC
1  1  3  16.22  22.53  8.48  15.72  15  Pro  CCT
1  1  1  15.65  22.53  8.48  15.72  15  Pro  CCC
1  1  0  22.53  22.53  8.48  15.72  15  Pro  CCA
1  1  2  8.48  22.53  8.48  15.72  15  Pro  CCG
3  1  3  16.47  23.92  5.92  16.22  16  Ser  TCT
3  1  1  17.11  23.92  5.92  16.22  16  Ser  TCC
3  1  0  19.81  23.92  5.92  16.22  16  Ser  TCA
3  1  2  5.92  23.92  5.92  16.22  16  Ser  TCG
0  2  3  14.07  23.92  5.92  16.22  16  Ser  AGT
0  2  1  23.92  23.92  5.92  16.22  16  Ser  AGC
0  1  3  15.15  23.20  9.02  15.96  17  Thr  ACT
0  1  1  16.45  23.20  9.02  15.96  17  Thr  ACC
0  1  0  23.20  23.20  9.02  15.96  17  Thr  ACA
0  1  2  9.02  23.20  9.02  15.96  17  Thr  ACG
3  2  2  23.77  23.77  23.77  23.77  18  Trp  TGG
3  0  3  8.42  10.87  8.42  9.65  19  Tyr  TAT
3  0  1  10.87  10.87  8.42  9.65  19  Tyr  TAC
2  3  3  10.19  21.92  7.91  12.54  20  Val  GTT
2  3  1  10.13  21.92  7.91  12.54  20  Val  GTC
2  3  0  7.91  21.92  7.91  12.54  20  Val  GTA
2  3  2  21.92  21.92  7.91  12.54  20  Val  GTG
3  2  0  13.63  13.63  13.63  13.63  21  END  TGA
3  0  2  5.74  5.74  5.74  5.74  22  END  TAG
3  0  0  5.63  5.63  5.63  5.63  23  END  TAA
