2  1  3  18.86  21.18  7.94  16.77  1  Ala  GCT
2  1  1  21.18  21.18  7.94  16.77  1  Ala  GCC
2  1  0  19.09  21.18  7.94  16.77  1  Ala  GCA
2  1  2  7.94  21.18  7.94  16.77  1  Ala  GCG
1  2  3  5.31  25.12  5.31  12.52  2  Arg  CGT
1  2  1  8.01  25.12  5.31  12.52  2  Arg  CGC
1  2  0  6.88  25.12  5.31  12.52  2  Arg  CGA
1  2  2  9.70  25.12  5.31  12.52  2  Arg  CGG
0  2  0  25.12  25.12  5.31  12.52  2  Arg  AGA
0  2  2  20.13  25.12  5.31  12.52  2  Arg  AGG
0  0  3  13.93  14.26  13.93  14.09  3  Asn  AAT
0  0  1  14.26  14.26  13.93  14.09  3  Asn  AAC
2  0  3  15.15  15.66  15.15  15.41  4  Asp  GAT
2  0  1  15.66  15.66  15.15  15.41  4  Asp  GAC
3  2  3  14.75  18.47  14.75  16.61  5  Cys  TGT
3  2  1  18.47  18.47  14.75  16.61  5  Cys  TGC
1  0  0  18.86  29.05  18.86  23.95  6  Gln  CAA
1  0  2  29.05  29.05  18.86  23.95  6  Gln  CAG
2  0  0  24.76  24.76  24.02  24.39  7  Glu  GAA
2  0  2  24.02  24.76  24.02  24.39  7  Glu  GAG
2  2  0  23.25  23.25  11.26  17.43  8  Gly  GGA
2  2  1  18.97  23.25  11.26  17.43  8  Gly  GGC
2  2  2  16.23  23.25  11.26  17.43  8  Gly  GGG
2  2  3  11.26  23.25  11.26  17.43  8  Gly  GGT
1  0  3  15.09  16.05  15.09  15.57  9  His  CAT
1  0  1  16.05  16.05  15.09  15.57  9  His  CAC
0  3  3  12.59  13.84  8.47  11.63  10  Ile  ATT
0  3  1  13.84  13.84  8.47  11.63  10  Ile  ATC
0  3  0  8.47  13.84  8.47  11.63  10  Ile  ATA
3  3  0  8.41  28.56  8.41  15.43  11  Leu  TTA
3  3  2  13.99  28.56  8.41  15.43  11  Leu  TTG
1  3  3  15.16  28.56  8.41  15.43  11  Leu  CTT
1  3  1  17.35  28.56  8.41  15.43  11  Leu  CTC
1  3  0  9.10  28.56  8.41  15.43  11  Leu  CTA
1  3  2  28.56  28.56  8.41  15.43  11  Leu  CTG
0  0  0  22.98  24.37  22.98  23.67  12  Lys  AAA
0  0  2  24.37  24.37  22.98  23.67  12  Lys  AAG
0  3  2  19.42  19.42  19.42  19.42  13  Met  ATG
3  3  3  14.39  15.61  14.39  15.00  14  Phe  TTT
3  3  1  15.61  15.61  14.39  15.00  14  Phe  TTC
1  1  3  20.99  23.63  9.49  18.49  15  Pro  CCT
1  1  1  19.85  23.63  9.49  18.49  15  Pro  CCC
1  1  0  23.63  23.63  9.49  18.49  15  Pro  CCA
1  1  2  9.49  23.63  9.49  18.49  15  Pro  CCG
3  1  3  15.83  21.37  5.82  15.39  16  Ser  TCT
3  1  1  17.52  21.37  5.82  15.39  16  Ser  TCC
3  1  0  17.99  21.37  5.82  15.39  16  Ser  TCA
3  1  2  5.82  21.37  5.82  15.39  16  Ser  TCG
0  2  3  13.82  21.37  5.82  15.39  16  Ser  AGT
0  2  1  21.37  21.37  5.82  15.39  16  Ser  AGC
0  1  3  13.70  18.44  6.69  13.89  17  Thr  ACT
0  1  1  16.73  18.44  6.69  13.89  17  Thr  ACC
0  1  0  18.44  18.44  6.69  13.89  17  Thr  ACA
0  1  2  6.69  18.44  6.69  13.89  17  Thr  ACG
3  2  2  23.77  23.77  23.77  23.77  18  Trp  TGG
3  0  3  9.48  10.03  9.48  9.75  19  Tyr  TAT
3  0  1  10.03  10.03  9.48  9.75  19  Tyr  TAC
2  3  3  10.03  18.66  6.86  11.63  20  Val  GTT
2  3  1  10.97  18.66  6.86  11.63  20  Val  GTC
2  3  0  6.86  18.66  6.86  11.63  20  Val  GTA
2  3  2  18.66  18.66  6.86  11.63  20  Val  GTG
3  2  0  19.25  19.25  19.25  19.25  21  END  TGA
3  0  2  5.42  5.42  5.42  5.42  22  END  TAG
3  0  0  7.48  7.48  7.48  7.48  23  END  TAA
