2  1  3  16.40  18.99  7.30  15.41  1  Ala  GCT
2  1  1  18.95  18.99  7.30  15.41  1  Ala  GCC
2  1  0  18.99  18.99  7.30  15.41  1  Ala  GCA
2  1  2  7.30  18.99  7.30  15.41  1  Ala  GCG
1  2  3  4.45  28.53  4.45  13.12  2  Arg  CGT
1  2  1  6.87  28.53  4.45  13.12  2  Arg  CGC
1  2  0  5.44  28.53  4.45  13.12  2  Arg  CGA
1  2  2  8.98  28.53  4.45  13.12  2  Arg  CGG
0  2  0  28.53  28.53  4.45  13.12  2  Arg  AGA
0  2  2  24.48  28.53  4.45  13.12  2  Arg  AGG
0  0  3  13.33  14.50  13.33  13.92  3  Asn  AAT
0  0  1  14.50  14.50  13.33  13.92  3  Asn  AAC
2  0  3  11.09  11.84  11.09  11.47  4  Asp  GAT
2  0  1  11.84  11.84  11.09  11.47  4  Asp  GAC
3  2  3  14.72  20.10  14.72  17.41  5  Cys  TGT
3  2  1  20.10  20.10  14.72  17.41  5  Cys  TGC
1  0  0  17.58  28.42  17.58  23.00  6  Gln  CAA
1  0  2  28.42  28.42  17.58  23.00  6  Gln  CAG
2  0  0  20.14  20.14  19.41  19.77  7  Glu  GAA
2  0  2  19.41  20.14  19.41  19.77  7  Glu  GAG
2  2  0  20.35  20.35  9.30  15.30  8  Gly  GGA
2  2  1  16.02  20.35  9.30  15.30  8  Gly  GGC
2  2  2  15.53  20.35  9.30  15.30  8  Gly  GGG
2  2  3  9.30  20.35  9.30  15.30  8  Gly  GGT
1  0  3  13.24  14.77  13.24  14.01  9  His  CAT
1  0  1  14.77  14.77  13.24  14.01  9  His  CAC
0  3  3  12.45  13.37  10.68  12.17  10  Ile  ATT
0  3  1  13.37  13.37  10.68  12.17  10  Ile  ATC
0  3  0  10.68  13.37  10.68  12.17  10  Ile  ATA
3  3  0  10.03  28.19  9.55  16.15  11  Leu  TTA
3  3  2  17.96  28.19  9.55  16.15  11  Leu  TTG
1  3  3  14.19  28.19  9.55  16.15  11  Leu  CTT
1  3  1  16.96  28.19  9.55  16.15  11  Leu  CTC
1  3  0  9.55  28.19  9.55  16.15  11  Leu  CTA
1  3  2  28.19  28.19  9.55  16.15  11  Leu  CTG
0  0  0  23.61  25.75  23.61  24.68  12  Lys  AAA
0  0  2  25.75  25.75  23.61  24.68  12  Lys  AAG
0  3  2  23.48  23.48  23.48  23.48  13  Met  ATG
3  3  3  14.13  16.01  14.13  15.07  14  Phe  TTT
3  3  1  16.01  16.01  14.13  15.07  14  Phe  TTC
1  1  3  19.49  25.24  9.04  18.33  15  Pro  CCT
1  1  1  19.54  25.24  9.04  18.33  15  Pro  CCC
1  1  0  25.24  25.24  9.04  18.33  15  Pro  CCA
1  1  2  9.04  25.24  9.04  18.33  15  Pro  CCG
3  1  3  16.33  22.84  6.14  16.58  16  Ser  TCT
3  1  1  18.51  22.84  6.14  16.58  16  Ser  TCC
3  1  0  21.22  22.84  6.14  16.58  16  Ser  TCA
3  1  2  6.14  22.84  6.14  16.58  16  Ser  TCG
0  2  3  14.42  22.84  6.14  16.58  16  Ser  AGT
0  2  1  22.84  22.84  6.14  16.58  16  Ser  AGC
0  1  3  14.48  21.50  7.44  15.30  17  Thr  ACT
0  1  1  17.77  21.50  7.44  15.30  17  Thr  ACC
0  1  0  21.50  21.50  7.44  15.30  17  Thr  ACA
0  1  2  7.44  21.50  7.44  15.30  17  Thr  ACG
3  2  2  28.33  28.33  28.33  28.33  18  Trp  TGG
3  0  3  8.27  9.00  8.27  8.63  19  Tyr  TAT
3  0  1  9.00  9.00  8.27  8.63  19  Tyr  TAC
2  3  3  8.96  18.23  7.03  11.04  20  Val  GTT
2  3  1  9.93  18.23  7.03  11.04  20  Val  GTC
2  3  0  7.03  18.23  7.03  11.04  20  Val  GTA
2  3  2  18.23  18.23  7.03  11.04  20  Val  GTG
3  2  0  22.16  22.16  22.16  22.16  21  END  TGA
3  0  2  7.84  7.84  7.84  7.84  22  END  TAG
3  0  0  9.20  9.20  9.20  9.20  23  END  TAA
