2  1  3  19.59  20.13  7.21  16.52  1  Ala  GCT
2  1  1  20.13  20.13  7.21  16.52  1  Ala  GCC
2  1  0  19.15  20.13  7.21  16.52  1  Ala  GCA
2  1  2  7.21  20.13  7.21  16.52  1  Ala  GCG
1  2  3  5.30  26.01  5.30  12.51  2  Arg  CGT
1  2  1  7.34  26.01  5.30  12.51  2  Arg  CGC
1  2  0  7.21  26.01  5.30  12.51  2  Arg  CGA
1  2  2  8.95  26.01  5.30  12.51  2  Arg  CGG
0  2  0  26.01  26.01  5.30  12.51  2  Arg  AGA
0  2  2  20.28  26.01  5.30  12.51  2  Arg  AGG
0  0  3  12.20  14.03  12.20  13.12  3  Asn  AAT
0  0  1  14.03  14.03  12.20  13.12  3  Asn  AAC
2  0  3  14.50  16.06  14.50  15.28  4  Asp  GAT
2  0  1  16.06  16.06  14.50  15.28  4  Asp  GAC
3  2  3  16.05  18.66  16.05  17.35  5  Cys  TGT
3  2  1  18.66  18.66  16.05  17.35  5  Cys  TGC
1  0  0  18.89  29.35  18.89  24.12  6  Gln  CAA
1  0  2  29.35  29.35  18.89  24.12  6  Gln  CAG
2  0  0  23.44  23.95  23.44  23.69  7  Glu  GAA
2  0  2  23.95  23.95  23.44  23.69  7  Glu  GAG
2  2  0  23.46  23.46  11.43  17.09  8  Gly  GGA
2  2  1  18.18  23.46  11.43  17.09  8  Gly  GGC
2  2  2  15.28  23.46  11.43  17.09  8  Gly  GGG
2  2  3  11.43  23.46  11.43  17.09  8  Gly  GGT
1  0  3  15.94  16.88  15.94  16.41  9  His  CAT
1  0  1  16.88  16.88  15.94  16.41  9  His  CAC
0  3  3  11.25  13.90  7.82  10.99  10  Ile  ATT
0  3  1  13.90  13.90  7.82  10.99  10  Ile  ATC
0  3  0  7.82  13.90  7.82  10.99  10  Ile  ATA
3  3  0  7.53  28.75  7.53  15.81  11  Leu  TTA
3  3  2  13.84  28.75  7.53  15.81  11  Leu  TTG
1  3  3  16.14  28.75  7.53  15.81  11  Leu  CTT
1  3  1  18.79  28.75  7.53  15.81  11  Leu  CTC
1  3  0  9.83  28.75  7.53  15.81  11  Leu  CTA
1  3  2  28.75  28.75  7.53  15.81  11  Leu  CTG
0  0  0  19.77  23.96  19.77  21.87  12  Lys  AAA
0  0  2  23.96  23.96  19.77  21.87  12  Lys  AAG
0  3  2  19.14  19.14  19.14  19.14  13  Met  ATG
3  3  3  13.47  16.02  13.47  14.74  14  Phe  TTT
3  3  1  16.02  16.02  13.47  14.74  14  Phe  TTC
1  1  3  21.65  24.25  8.85  18.42  15  Pro  CCT
1  1  1  18.96  24.25  8.85  18.42  15  Pro  CCC
1  1  0  24.25  24.25  8.85  18.42  15  Pro  CCA
1  1  2  8.85  24.25  8.85  18.42  15  Pro  CCG
3  1  3  17.33  21.77  5.87  15.97  16  Ser  TCT
3  1  1  18.30  21.77  5.87  15.97  16  Ser  TCC
3  1  0  18.44  21.77  5.87  15.97  16  Ser  TCA
3  1  2  5.87  21.77  5.87  15.97  16  Ser  TCG
0  2  3  14.14  21.77  5.87  15.97  16  Ser  AGT
0  2  1  21.77  21.77  5.87  15.97  16  Ser  AGC
0  1  3  14.23  19.26  6.65  14.31  17  Thr  ACT
0  1  1  17.09  19.26  6.65  14.31  17  Thr  ACC
0  1  0  19.26  19.26  6.65  14.31  17  Thr  ACA
0  1  2  6.65  19.26  6.65  14.31  17  Thr  ACG
3  2  2  24.03  24.03  24.03  24.03  18  Trp  TGG
3  0  3  8.97  10.31  8.97  9.64  19  Tyr  TAT
3  0  1  10.31  10.31  8.97  9.64  19  Tyr  TAC
2  3  3  9.97  18.65  6.99  11.88  20  Val  GTT
2  3  1  11.89  18.65  6.99  11.88  20  Val  GTC
2  3  0  6.99  18.65  6.99  11.88  20  Val  GTA
2  3  2  18.65  18.65  6.99  11.88  20  Val  GTG
3  2  0  19.98  19.98  19.98  19.98  21  END  TGA
3  0  2  5.68  5.68  5.68  5.68  22  END  TAG
3  0  0  7.13  7.13  7.13  7.13  23  END  TAA
